input_1.txt
-------------
2
[2, 1, 0]

input_2.txt
-------------
3
[0, 2, 4, 1, 3]

input_3.txt
-------------
4
[6, 3, 0, 5, 2, 1, 4]

input_4.txt
-------------
25
[57, 97, 89, 37, 23, 86, 90, 74, 25, 52, 91, 53, 27, 36, 45, 34, 18, 30, 28, 20, 54, 82, 15, 99, 58, 75, 6, 19, 73, 38, 83, 71, 66, 33, 46, 31, 47, 49, 43, 48, 11, 63, 64, 13, 94, 67, 0, 24, 96, 9, 81, 70, 59, 50, 7, 5, 32, 12, 39, 85, 42, 87, 93, 60, 40, 17, 95, 1, 84, 22, 77, 8, 80, 61, 10, 4, 21, 3, 98, 56, 26, 88, 51, 29, 55, 14, 41, 2, 76, 35, 65, 68, 78, 62, 72, 69, 92, 44, 16, 79]

input_5.txt
-------------
550
[377, 50, 144, 123, 1550, 288, 1798, 927, 1284, 1113, 351, 386, 960, 263, 1234, 1865, 1135, 104, 1677, 346, 858, 1174, 606, 1156, 709, 1686, 1128, 478, 455, 1122, 1796, 277, 421, 592, 1254, 966, 131, 1306, 774, 1632, 835, 793, 1425, 627, 1456, 287, 1894, 289, 1286, 298, 977, 16, 1853, 334, 1338, 1106, 1446, 1412, 500, 217, 130, 565, 286, 401, 832, 1700, 1802, 1926, 325, 1444, 1856, 694, 1070, 1981, 941, 93, 1463, 863, 1818, 697, 85, 1698, 1907, 278, 1551, 814, 1881, 1930, 1496, 1383, 794, 119, 1659, 1820, 962, 24, 172, 371, 670, 861, 1658, 1068, 5, 781, 1241, 1864, 1680, 1469, 969, 1934, 26, 713, 1131, 804, 55, 441, 743, 752, 1823, 1589, 1419, 79, 1614, 656, 812, 1604, 811, 1449, 636, 453, 1058, 1034, 575, 1757, 1171, 678, 824, 603, 1794, 4, 1148, 1334, 1478, 741, 1707, 1454, 914, 602, 283, 1992, 1560, 809, 841, 1936, 107, 1245, 1046, 1902, 1386, 586, 1899, 877, 971, 537, 1232, 1814, 893, 1423, 1292, 765, 701, 290, 613, 1770, 354, 355, 218, 1696, 294, 1621, 1201, 1520, 578, 1075, 410, 918, 127, 491, 753, 1748, 558, 1432, 1078, 756, 265, 431, 1376, 1828, 547, 512, 1586, 254, 933, 1497, 1886, 1468, 29, 1783, 1760, 1694, 711, 788, 1594, 1329, 1803, 1657, 361, 655, 1336, 1559, 1974, 1884, 979, 509, 1159, 306, 802, 429, 124, 1060, 1648, 1897, 1834, 1795, 1492, 153, 437, 370, 1732, 1268, 1177, 1792, 381, 1219, 943, 296, 961, 705, 1678, 1913, 244, 506, 1341, 1779, 544, 1323, 239, 1548, 82, 1671, 563, 1208, 1424, 341, 1778, 1431, 952, 1703, 18, 612, 331, 1453, 1072, 379, 1145, 1946, 1587, 1624, 1908, 1065, 754, 1137, 900, 1734, 1684, 1615, 1392, 1360, 1085, 1961, 830, 1345, 1963, 839, 161, 415, 890, 1781, 1274, 689, 40, 1764, 312, 747, 986, 1952, 1057, 1287, 1711, 269, 934, 1302, 1931, 1005, 540, 1312, 1215, 223, 1932, 103, 1804, 842, 1569, 715, 1422, 1294, 967, 1405, 720, 1117, 1875, 102, 1892, 409, 1767, 580, 1481, 179, 1191, 1731, 1393, 828, 850, 353, 1641, 1264, 1895, 1414, 1850, 188, 891, 1001, 1543, 1607, 1153, 734, 749, 759, 344, 12, 35, 1227, 585, 230, 956, 1094, 1209, 185, 1810, 1411, 135, 837, 78, 324, 1592, 1121, 706, 1498, 476, 1923, 42, 465, 428, 820, 1186, 650, 1502, 772, 737, 1950, 1519, 1261, 446, 672, 1107, 1631, 1977, 52, 484, 1685, 141, 1800, 427, 1916, 764, 1735, 1822, 106, 1801, 248, 740, 397, 1165, 1382, 1968, 593, 1460, 1709, 853, 1404, 782, 1785, 751, 1178, 1161, 976, 1330, 1805, 687, 229, 849, 1064, 1047, 151, 584, 1314, 1901, 1956, 1980, 707, 180, 1340, 20, 1912, 1573, 236, 1332, 920, 1136, 748, 501, 1409, 1883, 546, 1590, 1038, 993, 691, 859, 243, 1759, 1283, 639, 1773, 1935, 1097, 1185, 1291, 1321, 1797, 1815, 896, 372, 571, 685, 267, 1278, 845, 1196, 1967, 508, 393, 1162, 303, 434, 1266, 413, 784, 898, 1825, 954, 938, 1540, 357, 1015, 925, 270, 663, 1055, 923, 996, 1071, 173, 128, 1299, 981, 876, 176, 1721, 1522, 1737, 624, 395, 1958, 1511, 136, 1272, 1229, 451, 550, 684, 387, 435, 768, 74, 1459, 1819, 1756, 274, 620, 1612, 19, 657, 1042, 1224, 1040, 505, 1391, 293, 1906, 1812, 1116, 733, 681, 815, 250, 1054, 770, 25, 594, 343, 1867, 162, 1954, 567, 92, 1399, 800, 1661, 1486, 1928, 163, 46, 1670, 1527, 362, 936, 470, 220, 262, 97, 247, 149, 139, 444, 238, 167, 201, 932, 645, 538, 583, 635, 285, 374, 251, 1381, 588, 1257, 11, 22, 762, 1643, 1654, 551, 389, 1689, 1806, 660, 182, 1945, 76, 1508, 133, 1769, 1319, 1790, 365, 1537, 95, 1565, 1799, 675, 1593, 1421, 1904, 215, 654, 716, 383, 902, 15, 1303, 197, 48, 1184, 1350, 99, 1665, 1664, 744, 1263, 1069, 1944, 1006, 1791, 1322, 596, 485, 1979, 1343, 1327, 1090, 1169, 718, 359, 1717, 1714, 965, 1031, 1603, 299, 760, 1400, 1768, 1235, 1493, 1597, 1149, 771, 1761, 854, 1260, 1032, 72, 420, 1911, 1909, 311, 1324, 745, 1056, 1635, 755, 944, 894, 963, 471, 457, 134, 791, 1817, 226, 1985, 1024, 1222, 1199, 688, 1197, 456, 424, 327, 1691, 178, 1558, 489, 433, 1706, 479, 233, 1610, 1513, 989, 1253, 604, 121, 503, 623, 1430, 1692, 983, 618, 164, 625, 514, 1346, 773, 1214, 559, 261, 1530, 1788, 1602, 1147, 852, 1355, 1681, 1841, 1464, 368, 1949, 1317, 1754, 1471, 545, 1025, 464, 534, 750, 1092, 165, 207, 637, 140, 1514, 1158, 1275, 1842, 1572, 1808, 1728, 399, 9, 1753, 1202, 1473, 1552, 406, 680, 1699, 34, 1236, 717, 1793, 1851, 703, 1616, 1267, 190, 400, 1143, 766, 1282, 1112, 1747, 1705, 1619, 1646, 1843, 10, 60, 1079, 507, 523, 1221, 847, 1059, 1255, 57, 810, 566, 30, 590, 1639, 1630, 1000, 699, 1712, 777, 319, 1746, 729, 1417, 1920, 1140, 1183, 1533, 1503, 629, 615, 889, 1443, 1203, 1475, 1730, 1613, 1846, 1099, 253, 1250, 1927, 332, 972, 946, 939, 1774, 904, 440, 225, 349, 391, 916, 855, 561, 1437, 913, 581, 757, 1766, 366, 867, 88, 562, 1997, 477, 1325, 985, 735, 1181, 1187, 450, 122, 910, 1427, 572, 1933, 1634, 942, 1695, 1525, 1667, 1335, 738, 336, 1126, 722, 0, 984, 1755, 1033, 686, 171, 728, 1479, 291, 160, 1077, 609, 1517, 1563, 177, 205, 632, 1609, 1826, 1081, 727, 62, 1477, 1120, 879, 1204, 1063, 644, 700, 1608, 600, 1133, 1433, 821, 318, 1742, 1206, 1494, 279, 1541, 552, 396, 1130, 1727, 1390, 1398, 838, 1538, 883, 843, 1482, 1999, 222, 340, 183, 1580, 91, 53, 1554, 1036, 919, 1465, 1618, 1035, 641, 1879, 887, 808, 1316, 648, 382, 1637, 520, 1016, 488, 1364, 1387, 922, 1969, 1166, 1647, 560, 246, 926, 1141, 1483, 992, 570, 1418, 1462, 467, 1655, 237, 1485, 115, 1434, 1811, 323, 640, 1043, 775, 126, 871, 610, 1168, 1526, 975, 1052, 337, 1370, 1, 646, 1093, 1996, 587, 875, 1890, 1740, 1489, 968, 873, 1440, 1491, 186, 844, 1598, 912, 1971, 156, 1878, 1653, 1237, 1309, 1142, 258, 1831, 275, 94, 731, 1119, 28, 1836, 1830, 1189, 59, 120, 1523, 1293, 1918, 1852, 1026, 524, 1179, 1313, 763, 1683, 41, 1084, 857, 329, 1331, 350, 1556, 486, 1442, 1144, 403, 1640, 1948, 445, 1577, 631, 1037, 1228, 492, 692, 1515, 1835, 1824, 1738, 1516, 1771, 568, 1512, 683, 308, 974, 1991, 1368, 208, 1458, 1394, 109, 1118, 1532, 1247, 973, 356, 634, 856, 1342, 196, 917, 1339, 573, 1528, 667, 1989, 1190, 908, 174, 1809, 576, 769, 661, 90, 241, 462, 1870, 224, 569, 647, 152, 469, 1288, 1758, 322, 1581, 935, 1307, 454, 1337, 1490, 1150, 1096, 732, 666, 1534, 790, 1501, 930, 1457, 17, 1012, 1351, 1693, 1708, 175, 1410, 651, 955, 1051, 531, 880, 259, 338, 597, 1606, 1623, 1903, 1495, 1821, 1987, 1348, 834, 1924, 150, 1557, 1098, 342, 807, 695, 1988, 1333, 1192, 799, 1505, 899, 1726, 1108, 1600, 483, 1233, 1039, 1439, 1076, 511, 63, 897, 1535, 698, 1279, 305, 829, 1102, 414, 964, 1596, 605, 273, 1966, 638, 1962, 419, 310, 447, 742, 721, 240, 1579, 184, 840, 460, 1868, 1951, 1536, 216, 1073, 108, 591, 543, 758, 1320, 1041, 295, 264, 1566, 1373, 696, 1011, 1529, 797, 83, 616, 373, 628, 448, 1358, 892, 1627, 1044, 1395, 958, 364, 1198, 1885, 865, 1599, 1420, 1379, 1088, 730, 1053, 1882, 1403, 1722, 1487, 1840, 1023, 1629, 232, 1765, 1151, 1295, 528, 521, 276, 1188, 1125, 702, 116, 1225, 1807, 499, 827, 71, 1745, 54, 202, 1990, 142, 168, 533, 281, 862, 1673, 1401, 118, 1567, 1874, 1363, 1719, 304, 1638, 67, 439, 61, 1789, 1066, 779, 1372, 1741, 75, 1029, 1008, 494, 626, 676, 1622, 1827, 1123, 1082, 1467, 271, 1105, 112, 1223, 682, 416, 658, 100, 1739, 8, 1542, 519, 1953, 326, 1297, 978, 1277, 907, 833, 1127, 987, 302, 723, 823, 1998, 599, 1546, 1504, 33, 1164, 535, 937, 1315, 1900, 1776, 235, 915, 1415, 438, 1898, 957, 1301, 953, 27, 495, 181, 321, 1080, 1104, 945, 21, 388, 1887, 242, 1561, 886, 1134, 1269, 617, 1013, 778, 1242, 405, 947, 1480, 1484, 113, 1715, 1829, 1402, 1959, 1521, 515, 1160, 58, 1877, 1281, 1374, 1030, 1570, 642, 1470, 555, 219, 333, 211, 376, 1862, 1438, 649, 157, 64, 1369, 1413, 101, 213, 819, 746, 1984, 47, 1021, 1371, 1844, 980, 1644, 1925, 1970, 1388, 1349, 1697, 69, 37, 831, 1568, 522, 65, 13, 1518, 1435, 1636, 1855, 1964, 1666, 1212, 1507, 1859, 1114, 252, 1298, 1176, 1682, 564, 1365, 1939, 463, 988, 1675, 1251, 330, 589, 1231, 44, 924, 81, 1100, 1744, 443, 245, 1978, 1937, 369, 138, 906, 611, 498, 1014, 1786, 1591, 739, 1564, 1943, 949, 1240, 1751, 767, 510, 56, 408, 1863, 1660, 1620, 1062, 1724, 358, 1408, 1986, 1775, 449, 1248, 418, 154, 1318, 525, 3, 474, 1571, 622, 1050, 1289, 1749, 1576, 1352, 480, 1921, 1124, 1975, 158, 1138, 212, 1531, 1290, 868, 1524, 314, 1002, 129, 795, 1929, 532, 193, 1860, 1889, 998, 1743, 31, 1328, 390, 1704, 187, 921, 398, 872, 513, 1048, 292, 1687, 228, 1239, 1549, 1067, 14, 1428, 1873, 869, 1720, 1167, 1816, 1436, 468, 848, 1276, 39, 1091, 1205, 1668, 1633, 1304, 1163, 1213, 68, 1617, 1020, 1650, 991, 1009, 1217, 1155, 1585, 826, 817, 1723, 1259, 1249, 169, 458, 1891, 542, 878, 367, 490, 911, 1238, 117, 1258, 1772, 1354, 1782, 1960, 997, 860, 1510, 307, 1861, 1663, 1101, 719, 664, 1656, 1500, 1847, 553, 870, 803, 1310, 846, 227, 1207, 7, 1940, 1476, 1211, 1200, 1466, 1095, 1601, 679, 895, 903, 579, 1361, 882, 1450, 452, 1957, 736, 1380, 1218, 1669, 412, 1441, 1839, 1359, 1539, 1407, 422, 530, 1866, 662, 541, 704, 659, 1474, 761, 137, 1019, 1976, 527, 621, 1509, 317, 712, 1086, 1139, 1499, 472, 582, 677, 407, 280, 1230, 1713, 204, 1506, 995, 1109, 66, 940, 1553, 1838, 1244, 146, 73, 272, 1083, 990, 1429, 432, 1170, 1845, 1018, 633, 1157, 257, 668, 1787, 517, 1347, 1947, 806, 1246, 282, 669, 1982, 1448, 516, 864, 466, 1832, 1871, 1028, 1416, 901, 461, 402, 1265, 1194, 268, 786, 1296, 348, 1366, 1308, 671, 601, 1942, 909, 665, 189, 1994, 1917, 1111, 780, 598, 1210, 430, 1226, 1256, 159, 166, 710, 999, 526, 549, 825, 256, 89, 1955, 693, 1854, 1876, 70, 1752, 881, 1718, 1406, 2, 1872, 1584, 518, 284, 1837, 929, 574, 1555, 1172, 1049, 905, 209, 822, 147, 982, 813, 1611, 360, 1452, 866, 1103, 1914, 1651, 1129, 1628, 1285, 475, 125, 836, 1089, 1710, 783, 384, 114, 1848, 1280, 482, 1625, 502, 155, 792, 1074, 1973, 221, 1626, 874, 380, 77, 234, 536, 714, 1154, 1762, 1356, 260, 1733, 1115, 888, 1326, 1729, 577, 1716, 1588, 885, 630, 801, 195, 210, 948, 36, 556, 1777, 548, 309, 1300, 1888, 1243, 49, 1220, 1915, 818, 1045, 394, 32, 255, 1357, 84, 614, 199, 145, 1384, 1763, 619, 1725, 690, 708, 1574, 392, 1649, 1375, 1938, 1396, 301, 426, 1193, 148, 1378, 1662, 378, 404, 1362, 111, 557, 1385, 1061, 1146, 1575, 1679, 493, 1690, 1941, 487, 1547, 1919, 347, 1010, 316, 191, 51, 1262, 297, 1022, 1702, 1896, 1972, 851, 1880, 43, 300, 959, 1087, 1813, 436, 1869, 816, 504, 796, 86, 529, 1849, 206, 1027, 375, 1216, 1305, 1017, 1893, 313, 96, 798, 203, 105, 724, 411, 132, 143, 1461, 643, 1311, 6, 1688, 970, 328, 385, 417, 1736, 1857, 1780, 473, 231, 1582, 1004, 315, 931, 1965, 1445, 789, 1367, 266, 1132, 1182, 1922, 539, 98, 496, 1642, 554, 198, 1583, 950, 1578, 1544, 1595, 1983, 951, 1152, 1271, 994, 1488, 1175, 928, 1180, 1173, 1784, 425, 192, 214, 249, 1451, 363, 1995, 674, 194, 776, 1672, 23, 442, 1652, 1426, 1674, 339, 673, 110, 38, 170, 1195, 787, 1750, 345, 335, 1007, 652, 1645, 1910, 481, 1676, 1545, 45, 1344, 607, 1389, 80, 653, 1993, 1270, 1833, 805, 785, 200, 725, 1003, 1472, 1110, 87, 1353, 1252, 423, 352, 320, 1701, 884, 1377, 1455, 1605, 595, 1273, 497, 1562, 459, 1858, 1905, 1447, 726, 608, 1397]


